%% LOAD THE HARD-CODED "DEFAULT" LINEAR QUADRATIC REGULATOR (LQR) CONTROLLER

% INFO:
% > For the purposes of the template, an LQR controller feedback matrix is
%   hard-coded and should stabilise the Crazyflie Quad-rotor vehicle.


% Specify the hard-coded LQR controller feedback matrix:

% > For a continuous-time controller:
K_lqr.outer_loop_continous_time = [...
             0         0    0.5000         0         0    0.1789         0         0         0   ;...
             0   -1.0000         0         0   -0.9507         0    4.4331         0    0.0000   ;...
        1.0000         0         0    0.9507         0         0         0    4.4331         0   ;...
             0   -0.0000         0         0   -0.0000         0    0.0000         0    1.4142   ;...
    ];

% > For a discrete-time controller at various frequencies:
K_lqr.outer_loop_discrete_time_1Hz = [...
       -0.0000   -0.0000    0.0515   -0.0000    0.0000    0.0574   -0.0000   -0.0000    0.0000   ;...
        0.0000   -0.1172   -0.0000    0.0000   -0.2084   -0.0000    1.8167    0.0000    0.0000   ;...
        0.1172    0.0000    0.0000    0.2084    0.0000    0.0000   -0.0000    1.8167   -0.0000   ;...
       -0.0000    0.0000   -0.0000   -0.0000    0.0000   -0.0000   -0.0000   -0.0000    0.7321   ;...
    ];

K_lqr.outer_loop_discrete_time_100Hz = [...
        0.0000    0.0000    0.4862    0.0000    0.0000    0.1764   -0.0000    0.0000   -0.0000   ;...
       -0.0000   -0.9781   -0.0000    0.0000   -0.9348   -0.0000    4.3819    0.0000    0.0000   ;...
        0.9781   -0.0000    0.0000    0.9348   -0.0000    0.0000    0.0000    4.3819   -0.0000   ;...
       -0.0000   -0.0000   -0.0000   -0.0000   -0.0000   -0.0000    0.0000   -0.0000    1.4042   ;...
    ];
 
K_lqr.outer_loop_discrete_time_200Hz = [...
        0.0000    0.0000    0.4931    0.0000    0.0000    0.1776   -0.0000    0.0000   -0.0000   ;...
        0.0000   -0.9890    0.0000    0.0000   -0.9427   -0.0000    4.4074    0.0000    0.0000   ;...
        0.9890   -0.0000    0.0000    0.9427   -0.0000    0.0000    0.0000    4.4074    0.0000   ;...
        0.0000    0.0000   -0.0000    0.0000    0.0000   -0.0000    0.0000    0.0000    1.4092   ;...
    ];